y = 1.023574631646382x + -139.08842793081345 {-81.595<=x<=-73.79}
y = -15.015015015015086x + -1405.1711711711766 {-78.666<=x<=-78.0}
y = 3.1433962264150903x + -2.8188679245285755 {-74.18<=x<=-71.0}
