y = -0.47558893820416515x + -261.41267941276885 {-81.595<=x<=-78.666}
y = -0.522513089005239x + -274.75602094240867 {-78.0<=x<=-74.18}
y = -4.2616487455196985x + -529.0770609318986 {-73.79<=x<=-71.0}
